9163401197559
158818456706003
312148307515374
552153472513629
233662752535988
146489947306252
322269632307881
516457499115886
317387035609686
490205655626613
289812623697579
139383223625070
67759227064352
279739867607753
340475327853129
370398463277050
454267632298356
497044296776404
474166836905668
413944736615662
387454434132096
192722333849769
32965418738730
331129551356353
434914239786762
392691761433652
482371793886983
374373818000539
522373042671537
59423956013146
475513986474369
166355760619544
326793642144617
104598990034711
533074262543939
80920631052849
213932326779430
228043361172934
273500909262866
311709834673991
27147906651339
110260983204379
421240409276742
229071889508430
495453447279009
112813389763489
168199272480193
221721895000
231047822563019
5815865816814
515698033225541
429093425874850
376453098878620
88419601648989
24100796668620
142295587573371
546576259992197
504995298082248
425396211534385
41106294013243
62045036852276
291968305718857
523836161515386
273656556558051
302620888906281
463772229712677
236869791096602
237406143099062
290505453886975
473168239853708
330030387153064
402463573410913
386331854322772
61999920910292
215043846226668
454056355913415
118316912777301
271047239440225
76951168145227
320766788765089
346357522773576
532911529610311
366000529725277
455755040889550
314769400218117
414826999593372
431602638534259
362131063404284
495577867401239
517870462628462
215806643565249
278447101395456
390604559482823
180305906398963
138270376297296
253104258907692
19451931757985
33059531481229
415933257870503
371448343538087
228270815962830
228929272310964
109415109234230
519097524550057
259541994082476
336565486295871
76523670048561
562105673640580
508928549032738
456651120036719
389270902975389
291856972627889
339062201650619
484202497295920
155218132273661
443260799194487
435333497560717
240426086362000
22189454203919
12630784256797
544241292792708
166529170866816
127920840414204
476268217187456
94730309508361
508647899880782
207401551940062
280631657451479
489282369430820
75310710948582
123570783918792
231506048891976
168886616879671
529496564010583
412105755885460
434805679090
469197403809928
124807001131180
46013469504336
522789662225284
22940845724776
406862187442980
458400644513339
384460560435837
283085649647800
13655606098859
445044089462779
431142672311911
79056720440152
34401759229502
520178161148095
248098930928116
521983593833953
470676778027815
343743064511549
250938971153324
76071059146436
356642465746953
269717730101950
213215982569373
129096003648861
330155928599697
483074804574399
274522393652777
3186010395731
515647883180694
523409091260622
227252765858538
227992100046168
489005994340846
491755629466279
550706195147989
502413482030902
536764233752494
195744475420682
438578075896473
402003055849056
259319376114235
222208130323604
403936234521711
100804574522328
390511861943606
318572595191055
160389886929065
188466464305356
329651347488537
482512538416220
302122544474297
195953623760947
427097476543924
412184206398442
39957361112244
139173317451174
406965029436465
146047425495746
532076910617545
64001031218127
325191999419252
299948256045416
308524702563764
382054174168567
561410441323586
467190688573899
385039391610586
340664876995588
148409523639466
438462690950354
150498623961148
58297508270067
428013505901864
439062183845584
487768272055681
200065511574509
475023760400379
288930064006407
134609446334668
266949872643074
3598650469254
400301389511327
179382777219145
483102225664896
253049177124215
406991315675070
86779597538033
256063526955116
167873830134010
506946518324093
95560235590399
389106647238673
509770058801329
160599674880171
372405620083832
524085421989876
128450768102669
314670218488691
405732007118180
506854658281385
460096512969966
123257990153394
290327798056064
227891675768131
476552467765126
182465777803326
49472613689209
166612189347920
276183711911464
324644549597227
338911989317554
19775707684504
558934531905621
197151099516336
110140750207674
532433347511924
228487326329147
364841086687069
287624941045705
300137110851409
396237045817688
185852174370908
511022157652409
308630498267077
218988945763277
71505631073776
22473741394600
14514185584946
8522304411766
163563871234779
75764347817641
169253373130675
420875656317088
333327956149323
98167243583156
389237767146983
500971720160178
11121122140355
156836458586559
176466657233638
262405791748990
26990304712966
168075776760200
560300568485362
561357465419392
218760168067223
301093214656467
438345062050910
543783894224718
502309971524381
456720070982782
58609785487716
531844320575931
135675280951318
379235744218694
277698819891289
476257535812746
427950844104107
47508063323791
66404235049100
323794074934999
205459853350577
2503030994488
286481823235757
353144787329504
74155955057876
405052891182672
228630232690288
451860760508088
493168123109603
118147546878371
250043361890479
85000875657667
472919880458102
101479239794725
433232752433446
6004942799667
503163883398050
297372394082296
417544946940533
54942764933530
87840999902572
60444569823530
39751084976757
241587172388837
156995585561033
391073899857904
265850214502840
100532551452657
400841316189118
541838639960011
292463108221224
203549719031344
66820765271822
402372550222314
435136106150290
534173470052307
489360037730027
471292587823117
378685408561352
516796187772506
61966242073578
364441060684284
546323227244850
246500711552813
408737703942108
393352755177135
443974804274596
370111831104358
64851438183175
329578230359798
308712280262283
456691674773908
26592466612721
550232303829458
304401996535246
379603682500263
433792177716816
369562115185447
448657578625855
446111339603810
199520316817287
303863579350994
219716209883783
69582482351798
352188100111117
60309071000910
276221637847234
424849029072321
533625434713137
108788892776662
320644119591327
169943688622612
290307918024920
271365530616627
149871509966353
399899313659808
498618926374216
340969868432338
114862416369659
126574702887760
273670149879536
62318600534005
483599374241984
337847254095524
374183055713382
245079673743465
219825762304528
490433378105545
390065703268007
234234595195547
400209681791812
143314439288739
40786640975635
228002660758159
352047935264686
482850250578180
147404348187492
240965917923046
241814111818082
294019641838058
43150274310742
442250297055054
55855691882049
477909042957987
475653207653884
323652468591385
112473621264323
70558702366597
120748204089005
229988963434675
248591630801994
402442958335548
376586653986537
129152683235432
516024993616305
471096479102683
446539545827961
173407602929549
368512742348401
4974356897661
173386990766979
509415772325521
544967878526356
308861850100698
161266318267407
502384393689113
281594749221165
142930467360218
147725481586832
427519529321106
193960630536623
541411528670786
515852192999453
72306146040239
239856994563249
488838850839069
75992261996936
172649820425983
223554177457525
7947242023868
212525448215192
370575390007937
426773541718656
393684739731309
19419866742845
206871913760521
517596221415579
490849438183981
361305228082459
469230613059868
332884151592894
461945523327885
397967487629525
412744254405305
541433275689019
263528603494908
326653124630779
365705824496935
77108503111724
501949275678612
180395652478059
156282882623447
300079669533627
94607711515619
190512807645304
240305269046027
207555970577494
358220806573386
55848633614325
242352917241528
393172820334607
114761704646873
341156052735276
468622402320741
524894314811449
297996614600919
410758156001249
531648768240087
145904362489893
179726903564587
145255790527460
405526082561317
531715404944063
230115193150993
416396461734549
337025968848420
186509140483017
238086655337739
214079795664617
347558882961952
136513605518284
390027822564267
547137150734989
229060542693538
496229309693995
82317633430589
108124050772686
239807288086906
275932804089630
103043176331928
506201519496778
130687159737423
392708106920295
110481569204431
179105320289608
264036775187365
46805588609893
477157518831410
224264159905849
466088228218369
55184185982381
173229622178475
294966387937187
480066217349134
287992196025558
13321691326655
91239233050191
555326286930055
552237122648344
145649886337951
447468549575922
246636476258824
23475383401281
228887424352427
395061670155969
459874017290483
476511078044412
145329436670439
207577901193175
205891862825979
903469712595
8000788049680
123901070404658
30907016963061
203416039040784
94186956642008
436606529722434
442437978608495
425927204356303
145170436587298
122664373333703
39094428095591
243812133950830
152581536372668
417537697081911
477688275601426
292039918013249
483229844663431
529029265710294
487284133619794
477219832461903
461913207611042
34619037866000
463558261470208
300569744130936
81010018133367
445282904725230
2474275246313
200236325813831
83639619277997
78107940986614
268326963891666
494445016521611
504513790230498
109740931456853
405071938369436
306591121373183
241372578075831
478129328816854
323661724446809
62229413812159
358598748834599
478352481988622
542021029540667
427862518906240
464193738202897
157318230602906
334719268058319
326130625359688
144433385256600
532168446486435
350365498630427
119294473662906
251772035826073
309341122232480
277294833423452
422991556451958
332787708026536
262647695377177
533602397924924
543358025330181
358083406257181
43432758399977
90147171812289
472757049368060
120430070833630
495908387968493
65905441429403
548075678549952
450772081368588
411428975275261
532143822439735
360487891298170
524355457837910
485251765984509
364413650232083
247841493153820
85628937694361
307820479019535
109291219982556
284051352967304
343127418808644
464919033036006
258753649449837
484862959573138
53791498540362
403218669609798
205252995343532
383493082192476
424707722997380
34353856900045
170019411727923
160269542017778
504219378323988
403321219554501
201300551196654
319996239472553
246188285716406
115634302599169
494255890862599
520116870396480
477761337871643
237134047844955
68007812775645
260692214260301
369410296952736
253139278893076
500500707235771
554206514854411
491626306176221
369541880968860
91074379331282
6981741781316
425219423726320
497674134416629
352711823736717
305855141908927
245330763153570
208522511841849
527414825839210
446722531333910
148832513067070
63127914832898
529366826445946
296637939126715
10885264412200
346772905518748
20831956813725
312093055835434
320058688361080
235611753352351
120731399869570
6546551846336
288190794297225
283832151780669
539294969987460
341141905348871
265953167786262
38329564906528
201165253988296
162836942660631
38261693765967
147723885738795
83483489082914
101696334853405
161738173925829
269249235474100
518575875504063
180389277419841
137798491144289
396588303986958
213422286172624
128865879110556
545746064994936
472500224632826
293514134134217
498986627481586
167460411743475
49403350524909
300711700454377
174168466141927
162164924721141
306591969380774
50044119038161
456920190658338
101971820817671
368349811077317
198148828247087
242738645458621
189872005297387
239238571620031
393965632653044
219647576405230
262712915492349
384939878129868
350820045116642
538188049832737
352933104186798
32702070182272
207612841531339
494525499235948
496492687156993
198194803692955
346296332377373
262683547726046
114215146179068
391025652867992
457381359763374
495294523267845
370064289266247
525647804951143
417921917077653
70205154719881
75300571388150
383968457733281
36936603717203
483758128961309
213488487054617
428273802502662
172470571237879
493428441460173
354396066960641
469733670299270
244551992943885
189453771536478
380082572701575
127415784473214
544726225798472
163578593469912
248186083252409
392978316066628
50371420873713
498069542536837
46559844871587
411315130051798
182050256987188
268857471902369
419541357053932
532645972364332
529474086442517
259315314806566
286138486530569
237423526461342
146060098991418
423552196421325
162261857396422
151991976873486
390142026206798
475734955180312
343857811687007
58220225020496
442885375203754
304614358520741
227887462761061
19553111121432
358886142335764
562208217949878
111481744524167
474190796537537
126683851083923
183313532721437
115211376228948
342554602141680
426645829642572
555780421582825
514859548517356
189271855029295
346707768486592
558052399568079
219874902834059
473480938507801
454338609820787
319249769666112
303052433601658
325039166590428
562818133864851
482053723661048
179399831234719
329916012393963
257676226387094
361664521921716
77057460043747
457081380044440
542274122168414
238853209318636
104336868883223
451698602541785
28850069876211
131693330534195
82915911805295
408960295261710
350591285384904
293382372461972
347119868935760
82442179201124
166764888217027
27350798714087
209510836506591
62224373947403
229905573428880
299768265381110
340561249927292
260740753682754
170342826973294
550966447674995
190049459600603
326439704928205
216094235255818
384253359784274
92422146959059
469034395588722
482133676593321
457361093096032
3203707061450
348562826815649
442708231591395
358545905328936
99820246607045
129108282342561
465596613363480
342411029511720
403204599555029
194852812275222
438971245966494
6305696619496
121458474565901
164896008252706
232986718206017
39049794858669
352772575929392
167526351878248
336508000922592
41369179630176
82710588995028
543582532324077
295770676523533
40447230032671
167743657437148
373717583254968
426016607839554
242393093428673
133244770929081
460570771885530
480973154594309
417652389769225
170548865161090
515624422731095
165972756145109
542306944723980
66902985421566
244933604567638
453185934572617
182289902909798
294691708180913
189929847393492
206309020304292
230978465797902
264548548339439
220282262234399
133399080217292
272452537777430
4820762140910
507907208611956
133076737025744
218791065638686
533774753154337
101817003442537
282198870041951
145656659062223
69252816875273
28909793047633
314124455110832
14334258788038
513118813436790
529447919980973
341304908857521
486611300055896
196824119405248
555629082452287
464993308257244
531409552622214
27470590937693
362531155269426
502364856738449
462420761664644
457041919062352
140165729043596
371944868714685
352070378435237
145660679286578
160593750191825
502158931065386
414780361674848
453240664106752
64325751719911
263265967873469
511739075005634
407125096237083
497748985473791
26921466064624
539811080294247
15497271904095
190905003271198
271200369318745
491721533463817
251174802123944
400124171455131
407898765662334
382760013740103
546174273703779
444987098364853
493462499886776
449510601316005
92163477433390
278437175693806
432407516652726
438450665618924
378591210228413
364881500179804
350085647159845
104424214353896
496639284671026
105938626619655
364161671705781
436768810639154
153044346111603
266344667971095
487682600405364
72969067373830
334095878455001
89396239654237
394121834856892
201420749304124
335036588174778
547572682663447
144458240733163
23110041690873
440419464063142
145002468276690
26533201500627
227473825662020
425453216140661
310339672665035
468648575466355
310453931209582
273547736929310
151808148652043
456053656519122
299200299179301
513365508986412
423970063453378
225045080240398
406908767419756
414282160871668
333502352809846
102716219357998
323307060472361
304481822172345
544956230620481
193303154717961
423512997655876
327941997098201
520695905669097
321784199673090
515707811809394
271230774697541
245629408160907
339400618689556
334625783317833
33991348836299
250379765038742
78356616365151
529420550903809
395719917896956
14520578979257
516523686975231
110712731396128
518729179665734
171243630032588
315839041190989
430447709209175
410823219695132
61915664107843
157596086240699
37075657643
47511153211467
136449937661427
483178260204664
339050852626676
56422227463451
30160770257295
217217099357482
